-1
-1
-1
-1
-1
-1
1
-1
-1
-1
-1
-1
-1
-1
2
-1
-1
-1
-1
-1
-1
-1
-1
5
2
-1
-1
2
3
-1
1
-1
-1
-1
-1
-1
-1
-1
-1
-1
-1
-1
-1
-1
-1
10
1
5
3
2
2
-1
5
5
3
4
2
3
6
-1
10
-1
8
-1
10
-1
-1
-1
-1
1
6
5
-1
-1
-1
-1
-1
-1
-1
-1
3
3
10
10
6
6
5
4
-1
-1
-1
-1
-1
-1
10
-1
3
5
1
6
-1
-1
1
-1
10
1
-1
-1
-1
-1
-1
-1
1
5
2
-1
5
-1
-1
-1
-1
1
-1
-1
-1
-1
-1
-1
1
-1
-1
-1
-1
-1
-1
-1
-1
-1
-1
-1
-1
-1
-1
-1
-1
-1
-1
-1
-1
-1
3
-1
-1
-1
-1
-1
1
1
-1
-1
1
1
-1
-1
-1
-1
-1
-1
6
3
6
3
-1
5
-1
-1
-1
-1
-1
-1
-1
2
-1
-1
1